[STORAGE]
;;Name           Elev.    MaxDepth   InitDepth  Shape      Curve Name/Params            N/A      Fevap    Psi      Ksat     IMD     
;;-------------- -------- ---------- ----------- ---------- ---------------------------- -------- --------          -------- --------
1000             545.28   46.48      0          FUNCTIONAL 0         0         10000    0        0       
1003             566.05   19.71      0          TABULAR    1003                         0        0       
10042            563.66   20.6       0          FUNCTIONAL 0         0         300      0        0       
1007             560.86   33.9       0          TABULAR    1007                         0        0       
10081            567.26   62.5       0          FUNCTIONAL 0         0         300      0        0       
1011             562.42   23.94      0          TABULAR    1011                         0        0       
1019             562.6    26.76      0          TABULAR    1019                         0        0       
101918           574.51   17.65      0          TABULAR    101918                       0        0       
101919           574.84   19.22      0          TABULAR    101919                       0        0       
101945           578.48   13.08      0          TABULAR    101945                       0        0       
10201            575.26   29.5       0          FUNCTIONAL 0         0         300      0        0       
10202            573.96   30.8       0          FUNCTIONAL 0         0         300      0        0       
10203            576.01   28.75      0          FUNCTIONAL 0         0         300      0        0       
10204            575.36   29.4       0          FUNCTIONAL 0         0         300      0        0       
1025             561.76   24.7       0          TABULAR    1025                         0        0       
10251            565.46   39.3       0          FUNCTIONAL 0         0         300      0        0       
10252            564.56   40.2       0          FUNCTIONAL 0         0         300      0        0       
1031             563.86   23.4       0          TABULAR    1031                         0        0       
10311            575.71   29.05      0          FUNCTIONAL 0         0         300      0        0       
10312            574.16   30.6       0          FUNCTIONAL 0         0         300      0        0       
103150           574.8    13.76      0          TABULAR    103150                       0        0       
103185           577.69   18.07      0          TABULAR    103185                       0        0       
1035             559.76   28.5       0          TABULAR    1035                         0        0       
1039             561.76   22         0          TABULAR    1039                         0        0       
10391            570.36   34.4       0          FUNCTIONAL 0         0         300      0        0       
10392            570.76   34         0          FUNCTIONAL 0         0         300      0        0       
1043             564.65   19.81      0          TABULAR    1043                         0        0       
1044             573.86   30.9       0          FUNCTIONAL 0         0         300      0        0       
10441            575.26   29.5       0          FUNCTIONAL 0         0         300      0        0       
1047             562.62   18.34      0          TABULAR    1047                         0        0       
1051             565.6    16.76      0          TABULAR    1051                         0        0       
10511            575.26   29.5       0          FUNCTIONAL 0         0         300      0        0       
105110           574.43   11.83      0          TABULAR    105110                       0        0       
105115           574.6    14.96      0          TABULAR    105115                       0        0       
10512            573.76   31         0          FUNCTIONAL 0         0         300      0        0       
105140           577.2    22.96      0          TABULAR    105140                       0        0       
1055             564.3    17.66      0          TABULAR    1055                         0        0       
10551            575.41   29.35      0          FUNCTIONAL 0         0         300      0        0       
10552            573.56   31.2       0          FUNCTIONAL 0         0         300      0        0       
105530           579.88   19.28      0          TABULAR    105530                       0        0       
105545           583.49   16.17      0          TABULAR    105545                       0        0       
1059             565.61   16.25      0          TABULAR    1059                         0        0       
1063             565.16   18.6       0          TABULAR    1063                         0        0       
10631            572.91   31.85      0          FUNCTIONAL 0         0         300      0        0       
10632            572.81   31.95      0          FUNCTIONAL 0         0         300      0        0       
1067             565.86   21.8       0          TABULAR    1067                         0        0       
10671            572.63   32.13      0          FUNCTIONAL 0         0         300      0        0       
106770           576.46   18.8       0          TABULAR    106770                       0        0       
1071             565.41   29.45      0          TABULAR    1071                         0        0       
10711            570.56   34.2       0          FUNCTIONAL 0         0         300      0        0       
10712            570.46   34.3       0          FUNCTIONAL 0         0         300      0        0       
107120           580.57   11.39      0          TABULAR    107120                       0        0       
107130           582.86   17.9       0          TABULAR    107130                       0        0       
1075             565.7    24.46      0          TABULAR    1075                         0        0       
107510           573.76   24.5       0          TABULAR    107510                       0        0       
107530           579.76   24.5       0          TABULAR    107530                       0        0       
107555           587.03   25.03      0          TABULAR    107555                       0        0       
1081             567.36   21         0          TABULAR    1081                         0        0       
108110           578.01   18.65      0          TABULAR    108110                       0        0       
108150           591.62   21.94      0          TABULAR    108150                       0        0       
1085             567.85   17.91      0          TABULAR    1085                         0        0       
10851            576.36   28.4       0          FUNCTIONAL 0         0         300      0        0       
10852            574.66   30.1       0          FUNCTIONAL 0         0         300      0        0       
108540           594.23   16.13      0          TABULAR    108540                       0        0       
1089             565.06   18.2       0          TABULAR    1089                         0        0       
10891            575.09   29.67      0          FUNCTIONAL 0         0         300      0        0       
10892            573.21   31.55      0          FUNCTIONAL 0         0         300      0        0       
108920           579.49   17.27      0          TABULAR    108920                       0        0       
108925           582.41   19.25      0          TABULAR    108925                       0        0       
1093             571.98   10.28      0          TABULAR    1093                         0        0       
10931            573.76   31         0          FUNCTIONAL 0         0         300      0        0       
10932            572.16   32.6       0          FUNCTIONAL 0         0         300      0        0       
1125             557.82   26.94      0          TABULAR    1125                         0        0       
1130             558.11   27.15      0          TABULAR    1130                         0        0       
1150             558.57   26.69      0          FUNCTIONAL 0         0         8700     0        0       
1160             559.29   22.97      0          TABULAR    1160                         0        0       
11600            532.76   56.5       0          FUNCTIONAL 0         0         1000     0        0       
1185             566.5    29.36      0          TABULAR    1185                         0        0       
1190             568.32   29.24      0          FUNCTIONAL 0         0         1000     0        0       
1210             571.56   32.8       0          TABULAR    1210                         0        0       
12302            599.56   26         0          TABULAR    12302                        0        0       
12303            599.56   26         0          TABULAR    12303                        0        0       
1315             584.46   21.4       0          TABULAR    1315                         0        0       
1320             586.76   25         0          TABULAR    1320                         0        0       
1335             592.36   25.7       0          TABULAR    1335                         0        0       
1405             562.46   20         0          TABULAR    1405                         0        0       
1500             574.56   22.8       0          FUNCTIONAL 0         0         1000     0        0       
1502             578.38   19.98      0          TABULAR    1502                         0        0       
1535             591.56   42.2       0          TABULAR    1535                         0        0       
1550             597.46   38.3       0          TABULAR    1550                         0        0       
1565             600.66   35.1       0          TABULAR    1565                         0        0       
1570             601.36   42.4       0          TABULAR    1570                         0        0       
1600             555.84   22.32      0          TABULAR    1600                         0        0       
16003            513.26   76.5       0          FUNCTIONAL 0         0         20000    0        0       
1601             571.9    7.96       0          TABULAR    1601                         0        0       
16011            571.66   33.1       0          FUNCTIONAL 0         0         300      0        0       
160120           578.57   30.59      0          TABULAR    160120                       0        0       
160121           580.98   29.48      0          TABULAR    160121                       0        0       
160123           580.26   30         0          TABULAR    160123                       0        0       
160145           587.65   33.91      0          TABULAR    160145                       0        0       
160160           593.22   35.64      0          TABULAR    160160                       0        0       
160161           604.33   25.43      0          TABULAR    160161                       0        0       
160170           576.56   28         0          TABULAR    160170                       0        0       
160175           579.2    20.56      0          TABULAR    160175                       0        0       
160180           592.34   23.92      0          TABULAR    160180                       0        0       
160190           586.76   22.4       0          TABULAR    160190                       0        0       
1605             564.76   17.1       0          TABULAR    1605                         0        0       
160500           574.76   18         0          TABULAR    160500                       0        0       
160520           576.36   26.9       0          TABULAR    160520                       0        0       
160530           578.59   20.97      0          TABULAR    160530                       0        0       
160540           576.8    30.96      0          TABULAR    160540                       0        0       
160555           583.16   23.6       0          TABULAR    160555                       0        0       
160570           604.82   12.94      0          TABULAR    160570                       0        0       
1606             565.76   39         0          FUNCTIONAL 0         0         300      0        0       
16061            563.96   40.8       0          FUNCTIONAL 0         0         300      0        0       
16062            564.96   39.8       0          FUNCTIONAL 0         0         300      0        0       
16063            565.76   39         0          FUNCTIONAL 0         0         300      0        0       
16064            563.96   40.8       0          FUNCTIONAL 0         0         300      0        0       
16065            564.96   39.8       0          FUNCTIONAL 0         0         300      0        0       
1609             570.16   34.9       0          TABULAR    1609                         0        0       
160900           575.76   21.6       0          TABULAR    160900                       0        0       
16091            569.81   34.95      0          FUNCTIONAL 0         0         300      0        0       
160910           570.85   24.01      0          TABULAR    160910                       0        0       
16092            569.06   35.7       0          FUNCTIONAL 0         0         300      0        0       
1613             574.96   30.5       0          TABULAR    1613                         0        0       
16130            567.09   34.97      0          TABULAR    16130                        0        0       
161300           577.46   23.3       0          TABULAR    161300                       0        0       
161330           579.76   14         0          TABULAR    161330                       0        0       
161360           593.96   39.1       0          TABULAR    161360                       0        0       
161370           600.66   33.3       0          TABULAR    161370                       0        0       
161380           601.56   32.7       0          TABULAR    161380                       0        0       
161385           606.46   28.2       0          TABULAR    161385                       0        0       
161420           575.69   26.97      0          TABULAR    161420                       0        0       
161430           588.36   13.4       0          TABULAR    161430                       0        0       
161460           599.36   17.5       0          TABULAR    161460                       0        0       
1617             564.53   35.53      0          TABULAR    1617                         0        0       
16171            563.66   41.1       0          FUNCTIONAL 0         0         300      0        0       
161710           572.95   39.81      0          TABULAR    161710                       0        0       
161716           594.37   15.69      0          TABULAR    161716                       0        0       
161722           602.46   15         0          TABULAR    161722                       0        0       
161726           583.87   29.89      0          TABULAR    161726                       0        0       
161781           600.24   34.02      0          TABULAR    161781                       0        0       
161785           592.5    40.16      0          TABULAR    161785                       0        0       
161791           603.78   27.78      0          TABULAR    161791                       0        0       
161796           598.31   33.45      0          TABULAR    161796                       0        0       
1621             570.05   25.41      0          TABULAR    1621                         0        0       
16210            563.84   26.32      0          TABULAR    16210                        0        0       
16211            568.26   36.5       0          FUNCTIONAL 0         0         300      0        0       
162110           577.3    21.96      0          TABULAR    162110                       0        0       
162120           580.86   16.6       0          TABULAR    162120                       0        0       
162135           586.16   22.5       0          TABULAR    162135                       0        0       
162144           581.17   33.69      0          TABULAR    162144                       0        0       
162155           604.66   15.1       0          TABULAR    162155                       0        0       
162165           606.61   15.15      0          TABULAR    162165                       0        0       
162180           583.46   19         0          TABULAR    162180                       0        0       
162195           599.44   19.22      0          TABULAR    162195                       0        0       
162205           603.19   18.07      0          TABULAR    162205                       0        0       
162210           577.16   19.4       0          TABULAR    162210                       0        0       
162230           580.24   21.52      0          TABULAR    162230                       0        0       
162261           582.18   20.28      0          TABULAR    162261                       0        0       
1627             577.56   11.5       0          TABULAR    1627                         0        0       
16270            569.46   13.5       0          TABULAR    16270                        0        0       
162700           580.49   20.07      0          TABULAR    162700                       0        0       
162770           604.33   18.13      0          TABULAR    162770                       0        0       
1631             577.61   14.15      0          TABULAR    1631                         0        0       
163100           581.34   19.92      0          TABULAR    163100                       0        0       
16311            571.85   32.91      0          FUNCTIONAL 0         0         300      0        0       
163126           606.86   15.9       0          TABULAR    163126                       0        0       
163140           609.92   14.14      0          TABULAR    163140                       0        0       
163186           606.66   16.1       0          TABULAR    163186                       0        0       
163200           609.15   14.41      0          TABULAR    163200                       0        0       
1635             578.26   7          0          TABULAR    1635                         0        0       
16350            571.79   10.07      0          TABULAR    16350                        0        0       
16351            576.62   28.14      0          FUNCTIONAL 0         0         300      0        0       
163510           580.56   20.7       0          TABULAR    163510                       0        0       
163520           583.07   27.99      0          TABULAR    163520                       0        0       
163536           606.71   16.05      0          TABULAR    163536                       0        0       
163550           611.4    13.06      0          TABULAR    163550                       0        0       
1639             572.31   12.25      0          TABULAR    1639                         0        0       
16390            571.79   10.27      0          TABULAR    16390                        0        0       
16391            575.26   54.5       0          FUNCTIONAL 0         0         300      0        0       
163910           580.88   35.88      0          TABULAR    163910                       0        0       
16392            574.71   55.05      0          FUNCTIONAL 0         0         300      0        0       
1643             569.85   16.91      0          TABULAR    1643                         0        0       
16431            571.48   25.28      0          FUNCTIONAL 0         0         300      0        0       
16442            564.2    40.06      0          FUNCTIONAL 0         0         154      0        0       
16443            564.48   39.78      0          FUNCTIONAL 0         0         154      0        0       
164600           581.09   38.73      0          TABULAR    164600                       0        0       
164610           587.04   41.72      0          TABULAR    164610                       0        0       
164630           592.76   38.5       0          TABULAR    164630                       0        0       
164640           596.76   34.2       0          TABULAR    164640                       0        0       
164660           599.57   28.69      0          TABULAR    164660                       0        0       
164670           601.46   28.1       0          TABULAR    164670                       0        0       
164690           603.66   24.2       0          TABULAR    164690                       0        0       
1647             571.36   24.9       0          TABULAR    1647                         0        0       
164700           588.85   37.21      0          TABULAR    164700                       0        0       
16473            572.76   32         0          FUNCTIONAL 0         0         174      0        0       
16474            567.26   37.5       0          FUNCTIONAL 0         0         216      0        0       
1651             571.04   15.72      0          TABULAR    1651                         0        0       
1652             569.26   35         0          FUNCTIONAL 0         0         210      0        0       
1655             573.45   14.81      0          TABULAR    1655                         0        0       
16550            566.82   18.04      0          TABULAR    16550                        0        0       
165510           581.51   48.25      0          TABULAR    165510                       0        0       
165530           586.86   43.7       0          TABULAR    165530                       0        0       
165540           602.76   27         0          TABULAR    165540                       0        0       
165555           594.64   36.62      0          TABULAR    165555                       0        0       
165560           596.76   34.8       0          TABULAR    165560                       0        0       
165570           600.7    32.56      0          TABULAR    165570                       0        0       
165590           597.45   35.31      0          TABULAR    165590                       0        0       
165600           570.16   26.4       0          TABULAR    165600                       0        0       
165610           580.18   39.58      0          TABULAR    165610                       0        0       
165630           590.43   40.13      0          TABULAR    165630                       0        0       
165640           602.07   25.29      0          TABULAR    165640                       0        0       
1663             573.56   14.2       0          TABULAR    1663                         0        0       
166300           576.36   18.6       0          TABULAR    166300                       0        0       
166310           579.06   19.4       0          TABULAR    166310                       0        0       
166330           591.39   31.37      0          TABULAR    166330                       0        0       
166350           585.21   35.95      0          TABULAR    166350                       0        0       
1667             571.86   32.9       0          FUNCTIONAL 0         0         300      0        0       
1668             575.96   28.8       0          FUNCTIONAL 0         0         300      0        0       
16681            569.11   35.65      0          FUNCTIONAL 0         0         300      0        0       
1670             563.3    33.46      0          TABULAR    1670                         0        0       
1671             569.71   29.05      0          TABULAR    1671                         0        0       
167104           581.5    19.26      0          TABULAR    167104                       0        0       
167114           588.01   21.75      0          TABULAR    167114                       0        0       
167122           594.87   21.89      0          TABULAR    167122                       0        0       
167130           602.7    23.06      0          TABULAR    167130                       0        0       
1672             575.06   29.7       0          FUNCTIONAL 0         0         300      0        0       
167204           581.1    19.66      0          TABULAR    167204                       0        0       
167210           587.78   20.98      0          TABULAR    167210                       0        0       
167218           594.43   23.33      0          TABULAR    167218                       0        0       
167228           603.57   23.19      0          TABULAR    167228                       0        0       
167304           578.58   20.18      0          TABULAR    167304                       0        0       
167312           586.04   22.72      0          TABULAR    167312                       0        0       
167320           593.42   26.34      0          TABULAR    167320                       0        0       
167328           601.13   24.63      0          TABULAR    167328                       0        0       
167404           579.85   18.91      0          TABULAR    167404                       0        0       
167412           587.52   25.24      0          TABULAR    167412                       0        0       
16742            575.24   14.52      0          FUNCTIONAL 0         0         10000    0        0       
167420           593.76   25         0          TABULAR    167420                       0        0       
167504           581.92   17.84      0          TABULAR    167504                       0        0       
16751            576.5    28.26      0          FUNCTIONAL 0         0         300      0        0       
16752            574.05   30.71      0          FUNCTIONAL 0         0         300      0        0       
168104           579.71   22.05      0          TABULAR    168104                       0        0       
16811            576.26   28.5       0          FUNCTIONAL 0         0         350      0        0       
168112           585.61   23.15      0          TABULAR    168112                       0        0       
16812            574.76   30         0          FUNCTIONAL 0         0         350      0        0       
168122           593.71   21.05      0          TABULAR    168122                       0        0       
168202           578.22   19.54      0          TABULAR    168202                       0        0       
168208           583.12   21.64      0          TABULAR    168208                       0        0       
168216           590.63   23.13      0          TABULAR    168216                       0        0       
168224           598.45   21.31      0          TABULAR    168224                       0        0       
1683             550.66   45.1       0          FUNCTIONAL 0         0         706      0        0       
168304           580.16   19.6       0          TABULAR    168304                       0        0       
168310           584.75   23.01      0          TABULAR    168310                       0        0       
168318           591.63   22.13      0          TABULAR    168318                       0        0       
168326           599.75   25.01      0          TABULAR    168326                       0        0       
16861            587.59   13.77      0          TABULAR    16861                        0        0       
168612           573.77   27.59      0          FUNCTIONAL 0         0         300      0        0       
168613           575.81   25.55      0          FUNCTIONAL 0         0         200      0        0       
168614           576.91   24.45      0          TABULAR    168614                       0        0       
168651           577.41   31.65      0          TABULAR    168651                       0        0       
168671           579.61   35.35      0          FUNCTIONAL 0         0         300      0        0       
168672           581.28   35.28      0          TABULAR    168672                       0        0       
168673           583.28   42.28      0          FUNCTIONAL 0         0         100      0        0       
168674           585.27   40.29      0          FUNCTIONAL 0         0         250      0        0       
168675           586.24   39.62      0          FUNCTIONAL 0         0         100      0        0       
16868            587.9    40.06      0          TABULAR    16868                        0        0       
168691           580.7    33.36      0          TABULAR    168691                       0        0       
1687             576.21   13.25      0          TABULAR    1687                         0        0       
168702           577.49   20.27      0          TABULAR    168702                       0        0       
168710           582.04   20.72      0          TABULAR    168710                       0        0       
168712           583.88   20.88      0          TABULAR    168712                       0        0       
168722           592.89   18.87      0          TABULAR    168722                       0        0       
1690             575.79   11.47      0          TABULAR    1690                         0        0       
169002           577.58   16.18      0          TABULAR    169002                       0        0       
169006           580.58   15.18      0          TABULAR    169006                       0        0       
169010           583.74   21.02      0          TABULAR    169010                       0        0       
169020           591.05   19.71      0          TABULAR    169020                       0        0       
1695             569.16   16.6       0          TABULAR    1695                         0        0       
1700             544.3    38.46      0          TABULAR    1700                         0        0       
1710             549.58   34.58      0          TABULAR    1710                         0        0       
1725             554.64   23.82      0          TABULAR    1725                         0        0       
1731             557.76   29.9       0          TABULAR    1731                         0        0       
1740             558.13   18.63      0          TABULAR    1740                         0        0       
1745             558.54   18.22      0          TABULAR    1745                         0        0       
;SUB7000, GP Park
1759             569.76   20         0          FUNCTIONAL 0         0         43179    0        0       
1778570          565.69   19.67      0          FUNCTIONAL 0         0         100      0        0       
;Dearborn
1782             549.76   33         0          TABULAR    1782                         0        0       
;Edited pnb 2/2012
1785             558.94   27.82      0          TABULAR    1785                         0        0       
1791             558.06   21.7       0          FUNCTIONAL 0         0         300      0        0       
1795             544.76   40         0          TABULAR    1795                         0        0       
1798             539.76   49         0          FUNCTIONAL 0         0         100      0        0       
1930             566.68   19.38      0          TABULAR    1930                         0        0       
19400            570.05   29.11      0          TABULAR    19400                        0        0       
1952             586.36   29.4       0          TABULAR    1952                         0        0       
19520            586.26   29.5       0          TABULAR    19520                        0        0       
200525           576.08   16.48      0          TABULAR    200525                       0        0       
;Edited pnb 2/2012
2007             566.1    25.06      0          TABULAR    2007                         0        0       
2010             568.86   21.6       0          TABULAR    2010                         0        0       
20111            568.56   21.7       0          TABULAR    20111                        0        0       
2040             573.84   34.32      0          TABULAR    2040                         0        0       
2056             587.56   32.5       0          TABULAR    2056                         0        0       
2060             588.96   34.1       0          TABULAR    2060                         0        0       
21010            614.76   6          0          FUNCTIONAL 0         0         300      0        0       
2115             567.16   21.1       0          TABULAR    2115                         0        0       
2130             569.66   33.6       0          FUNCTIONAL 0         0         900      0        0       
2140             570.06   37.4       0          TABULAR    2140                         0        0       
214500           600.36   20.1       0          TABULAR    214500                       0        0       
2160             576.46   56.6       0          TABULAR    2160                         0        0       
2200             616.86   23.9       0          TABULAR    2200                         0        0       
2315             599.06   24.7       0          TABULAR    2315                         0        0       
2345             603.86   26.7       0          TABULAR    2345                         0        0       
2350             604.56   35.8       0          FUNCTIONAL 0         0         10000    0        0       
2355             604.76   28.9       0          TABULAR    2355                         0        0       
2389             620.36   26.5       0          TABULAR    2389                         0        0       
2397             633.36   26.4       0          TABULAR    2397                         0        0       
2500             585.66   36.1       0          TABULAR    2500                         0        0       
2505             596.46   28.1       0          TABULAR    2505                         0        0       
2520             604.26   24         0          TABULAR    2520                         0        0       
2560             578.15   28.61      0          TABULAR    2560                         0        0       
2605             601.36   25.5       0          TABULAR    2605                         0        0       
2703             571.66   48.1       0          FUNCTIONAL 0         0         1000     0        0       
2715             573.16   46.6       0          FUNCTIONAL 0         0         1000     0        0       
2718             571.79   41.97      0          FUNCTIONAL 0         0         154      0        0       
2730             577.56   50.2       0          TABULAR    2730                         0        0       
2735             579.26   51.6       0          TABULAR    2735                         0        0       
2740             580.36   46.9       0          TABULAR    2740                         0        0       
2745             580.86   46.4       0          TABULAR    2745                         0        0       
27450            580.76   46.5       0          TABULAR    27450                        0        0       
2750             581.56   47.2       0          TABULAR    2750                         0        0       
2755             582.16   43.7       0          TABULAR    2755                         0        0       
2817             584.16   34.1       0          TABULAR    2817                         0        0       
2825             573.36   31.4       0          FUNCTIONAL 0         0         300      0        0       
2836             594.06   34.7       0          TABULAR    2836                         0        0       
2850             574.76   30         0          FUNCTIONAL 0         0         300      0        0       
2855             574.76   30         0          FUNCTIONAL 0         0         300      0        0       
2865             573.46   31.3       0          FUNCTIONAL 0         0         300      0        0       
2909             555.76   34         0          FUNCTIONAL 0         0         192041.8 0        0       
2910             556.06   33.7       0          TABULAR    2910                         0        0       
2912             561.51   27.15      0          TABULAR    2912                         0        0       
2915             563.19   26.47      0          TABULAR    2915                         0        0       
2920             564.21   31.55      0          TABULAR    2920                         0        0       
2930             573.76   27.7       0          TABULAR    2930                         0        0       
2945             579.26   26.5       0          TABULAR    2945                         0        0       
2975             590.36   28.4       0          TABULAR    2975                         0        0       
2980             592.36   27.4       0          TABULAR    2980                         0        0       
2985             594.46   26.1       0          TABULAR    2985                         0        0       
;SUB29910, Centerline (7/5/02 Sigma, Ceterline SSO Model
;Update)
29920            618.75   7.72       0          TABULAR    29920                        0        0       
29930            618.15   7.36       0          FUNCTIONAL 0         0         100      0        0       
29932            618.75   6.76       0          FUNCTIONAL 0         0         100      0        0       
2999             533.51   44.25      0          FUNCTIONAL 0         0         95471.2  0        0       
3405             552.51   29.95      0          FUNCTIONAL 0         0         200      0        0       
5009             581.76   3          0          FUNCTIONAL 0         0         1800     0        0       
50091            558.76   41.5       0          FUNCTIONAL 0         0         300      0        0       
;Conner Creek Pump Station
5010             534.76   50         0          FUNCTIONAL 0         0         8000     0        0       
5105             539.96   41.9       0          TABULAR    5105                         0        0       
5106             569.76   15         0          FUNCTIONAL 0         0         400      0        0       
5108             540.76   38         0          TABULAR    5108                         0        0       
5213             555.76   34         0          TABULAR    5213                         0        0       
5215             558.26   31.5       0          TABULAR    5215                         0        0       
;Freud Pump Station
5220             498.76   75.4       0          FUNCTIONAL 0         0         8000     0        0       
5235             523.46   53.2       0          FUNCTIONAL 0         0         300      0        0       
5240             539.96   39.8       0          TABULAR    5240                         0        0       
5245             551.26   47.5       0          TABULAR    5245                         0        0       
52451            541.86   56.9       0          TABULAR    52451                        0        0       
5250             559.06   44.2       0          TABULAR    5250                         0        0       
52501            558.26   43         0          TABULAR    52501                        0        0       
5255             563.76   44.4       0          TABULAR    5255                         0        0       
52551            562.86   45.3       0          TABULAR    52551                        0        0       
52602            572.65   35.11      0          TABULAR    52602                        0        0       
5325             527.56   45.7       0          TABULAR    5325                         0        0       
5335             531.66   46.1       0          TABULAR    5335                         0        0       
5415             548.26   35         0          TABULAR    5415                         0        0       
5420             553.66   30.1       0          TABULAR    5420                         0        0       
5430             554.56   31.8       0          TABULAR    5430                         0        0       
5507             567.66   23.4       0          TABULAR    5507                         0        0       
5510             569.83   28.53      0          TABULAR    5510                         0        0       
5530             571.7    29.86      0          TABULAR    5530                         0        0       
5532             573.86   27         0          TABULAR    5532                         0        0       
5550             577.86   26.2       0          TABULAR    5550                         0        0       
5555             583.16   25.6       0          TABULAR    5555                         0        0       
5560             585.36   25.2       0          TABULAR    5560                         0        0       
5615             554.56   38.4       0          TABULAR    5615                         0        0       
5645             563.96   32.8       0          TABULAR    5645                         0        0       
5700             544.36   35.4       0          TABULAR    5700                         0        0       
5705             544.86   33.9       0          TABULAR    5705                         0        0       
5710             546.06   35.6       0          TABULAR    5710                         0        0       
5715             546.56   34.5       0          TABULAR    5715                         0        0       
5720             547.06   37         0          TABULAR    5720                         0        0       
5729             529.76   57         0          TABULAR    5729                         0        0       
5801             559.26   22.5       0          FUNCTIONAL 0         0         700      0        0       
58011            562.85   26.91      0          FUNCTIONAL 0         0         500      0        0       
58012            558.92   30.84      0          TABULAR    58012                        0        0       
58013            558.92   30.84      0          TABULAR    58013                        0        0       
5802             549.76   33         0          TABULAR    5802                         0        0       
5805             559.36   22.4       0          TABULAR    5805                         0        0       
5855             560.46   21.3       0          TABULAR    5855                         0        0       
5875             562.86   18.9       0          TABULAR    5875                         0        0       
5878             563.86   19.1       0          TABULAR    5878                         0        0       
;SUB7002, Fox Creek
5879             533.26   49.7       0          TABULAR    5879                         0        0       
5880             564.66   19.8       0          TABULAR    5880                         0        0       
620              595.86   21.9       0          TABULAR    620                          0        0       
622              598.34   19.42      0          TABULAR    622                          0        0       
623              598.68   19.08      0          TABULAR    623                          0        0       
624              601.86   15.9       0          TABULAR    624                          0        0       
625              602.53   15.23      0          TABULAR    625                          0        0       
;SUB7005, Fox Creek
7003             574.76   10         0          FUNCTIONAL 0         0         3600     0        0       
7004             543.76   39.2       0          FUNCTIONAL 0         0         100000   0        0       
7005             547.46   35.5       0          FUNCTIONAL 0         0         2000     0        0       
;SUB7011
7011             574.76   10         0          FUNCTIONAL 0         0         3600     0        0       
7030             551.06   28.1       0          TABULAR    7030                         0        0       
7031             572.76   12         0          FUNCTIONAL 0         0         530000   0        0       
70311            569.76   21         0          FUNCTIONAL 0         0         300      0        0       
70333            569.76   21         0          FUNCTIONAL 0         0         300      0        0       
;SUB7035
7035             551.86   27.3       0          TABULAR    7035                         0        0       
;SUB7042
7041             562.29   22.47      0          FUNCTIONAL 0         0         1604169  0        0       
70411            580.76   9          0          FUNCTIONAL 0         0         900      0        0       
;SUB7045
7045             557.66   22.3       0          FUNCTIONAL 0         0         200      0        0       
;SUB7047
7046             562.16   22.6       0          FUNCTIONAL 0         0         1370227  0        0       
;SUB7050
7050             559.96   19.2       0          TABULAR    7050                         0        0       
;SUB7060
7060             563.86   14.7       0          TABULAR    7060                         0        0